[1, 2, -3, 3, -2, 0, 4]
[811589153, 1623178306, -2434767459, 2434767459, -1623178306, 0, 3246356612]

(3246356612) <-> (811589153) <->  (1623178306)

(3246356612) <->  (1623178306)

(3246356612) <- (811589153) ->  (1623178306)

1
[1623178306, 811589153, -2434767459, 2434767459, -1623178306, 0, 3246356612]
2
[1623178306, -2434767459, 811589153, 2434767459, -1623178306, 0, 3246356612]
3
[1623178306, -2434767459, 2434767459, 811589153, -1623178306, 0, 3246356612]
4
[1623178306, -2434767459, 2434767459, -1623178306, 811589153,  0, 3246356612]
5
[1623178306, -2434767459, 2434767459, -1623178306, 0, 811589153, 3246356612]
6=0
[1623178306, -2434767459, 2434767459, -1623178306, 0, 3246356612 811589153]
7
[1623178306, 811589153,  -2434767459, 2434767459, -1623178306, 0, 3246356612]


[811589153, 1623178306, -2434767459, 2434767459, -1623178306, 0, 3246356612]

-1
[811589153, -2434767459, 1623178306, 2434767459, -1623178306, 0, 3246356612]
-2
[-2434767459, 811589153, 1623178306, 2434767459, -1623178306, 0, 3246356612]
-3
[811589153, 1623178306, 2434767459, -1623178306, 0, 3246356612, -2434767459]
-4
[811589153, 1623178306, 2434767459, -1623178306, -2434767459, 0, 3246356612]
-5
[811589153, 1623178306, 2434767459, -2434767459, -1623178306, 0, 3246356612]
-6
[811589153, 1623178306, -2434767459, 2434767459, -1623178306, 0, 3246356612]
